
bugatti_chiron 		21 1 2014  	 12	2700000.00 2800000.00
bugatti_veyron  	30 11 2017	 50	2400000.00 2500000.00
audi_rs4        	27 11 2016       863 	2400000.00 2500000.00
koenigsegg_one		18 9 2013	 225 	1400000.00 1800000.00
koenigsegg_regera 	3 5 2011	 40	1200000.00 1500000.00
ferrari_laferrari 	22 7 2012	 323 	2000000.00 2300000.00
ferrari_488		13 3 2005	 223 	334000.00 3400000.00
ferrari_599		3 4 2009	 922 	343000.00 3500000.00
lamborghini_urban	20 2 2010	 1121 	343000.00 3500000.00
lamborghini_huracan	18 5 2011	 1923 	343000.00 3500000.00
lamborghini_gallard	29 7 2012	 167 	343000.00 3500000.00
lamborghini_veneno	24 8 2008	 9 	3700000.00 4000000.00
tesla_roadster		16 9 2007	  123 	248000.00 2500000.00
hennessey_venom_f5	27 11 2011	 145 	1248000.00 12500000.000
porsche_panamera	1 2 2012	 425 	300000.00 3000000.00
porsche_cayenne		31 9 2013	  218 	240000.00 2450000.00
porsche_macan		28 10 2014	 665 	248000.00 2500000.00
porsche_911		5 3 2015	 725 	448000.00 4500000.00
porsche_panamera	6 5 2015	 864	448000.00 4500000.00
audi_rs7		4 6 2015	 978 	48000.00 49000.00
audi_q7			3 7 2016	 233 	49000.00 51000.00
audi_r8			15 3 2016	  564 	228000.00 237000.00
audi_r7			7 11 2016	 667 	88000.00 90000.00
bmw_x5			9 10 2017	 745	48000.00 50000.00
bmw_x6			30 8 2004	 223 	64800.00 66000.00
bmw_m3			15 9 2017 	 356 	26800.00 290000.00
bmw_m5			13 11 2012	 567 	248000.00 2500000.00
bmw_m6			22 10 2012	 632 	224000.00 226000.00
mercedes_amg		11 6 2012	 723 	340000.00 340000.00
mercedes_sls		2 1 2013	 226 	500000.00 523000.00
mercedes_c63_amg	6 2 2013	  127 	118000.00 123000.00
mercedes_amg_gt		4 6 2014	 444 	120000.00 121000.00
volkswagen_b8		13 3 2013	 535 	49500.00 51500.00
volkswagen_arteon	12 7 2011	 643 	65000.00 70000.00
volkswagen_tiguan	27 5 2010	 734 	43000.00 45000.00
volkswagen_touareg	8 3 2009	  912 	50000.00 55000.00
volkswagen_golf 	19 5 2008	  1153 	39000.00 41000.00